2856
31619
23709
12477
25662
14218
15341
7395
13521
27907
29482
2160
30109
31371
19473
9600
8794
30408
9532
12439
15505
30706
11158
5185
28845
29842
18450
28661
4437
8586
5533
1599
23801
29014
29521
22047
16811
6289
1771
25516
4913
15291
17279
29692
26456
10809
18538
16456
3211
19101
11401
25676
20131
7208
2472
3053
32257
29069
23613
9246
27866
18680
2903
4868
22227
25935
11473
15192
26318
3256
22987
20238
20227
4187
10074
13620
10066
361
6015
1820
1495
14173
5718
26813
1472
2946
22416
16471
12379
28085
10275
4438
31859
13932
2112
32377
22493
23031
8582
14131
