11164
4087
6128
1621
30694
15845
26885
18627
15583
17016
30741
32628
15967
22899
15336
2024
24192
11489
1396
16906
17674
11953
755
22266
6959
13732
31033
23823
12153
24937
10053
32029
5632
2566
2070
31987
6368
15993
26304
21288
3306
5791
30910
10264
24218
23638
29322
26665
27465
20446
19051
19283
31396
2950
7566
30175
27741
19076
27481
5742
28193
5924
6908
9534
19913
9253
32585
10409
15316
21855
19653
8942
4629
15274
13823
3380
29353
2044
8736
972
21292
14801
12740
1975
18476
3280
1544
31080
9438
27051
32228
12490
17168
24135
23996
22149
1887
24861
5425
25214
30122
25568
5949
25500
27079
31071
30847
29906
18548
4782
18387
858
15504
6016
21798
19006
21643
24024
23177
10013
5147
17633
15235
11308
20016
30489
20140
4987
23339
6069
25975
30586
32586
24386
1616
29883
5479
27528
3303
6393
20963
18099
9419
17242
12765
27061
21050
23025
27303
15846
32056
30855
28026
25069
13022
31899
21352
13796
4341
4775
17811
29367
4035
10405
13725
20685
7717
27090
31327
491
17374
10162
9438
597
15919
21588
8570
1334
19112
29143
31081
65
5181
6957
18532
6809
30364
2591
15008
750
3006
16017
9984
28905
14268
11016
6537
21963
9957
2665
25110
81
29197
17156
31565
14298
23847
31440
24017
4811
25623
16632
5049
3123
2497
28823
8258
7339
7526
12480
4032
23169
27184
13762
17371
25877
1291
10154
20471
8066
11447
21001
31220
32385
28699
247
13080
28043
3805
12119
7497
3902
18479
27229
28800
23810
3052
3662
21626
27116
16867
16519
689
19683
7027
19137
17546
30209
9048
15251
8656
29499
32708
28728
21345
26693
6833
27539
20007
15792
9334
7792
31306
19286
9369
1293
27300
503
3301
15833
10358
22564
700
32123
26457
32348
21166
1046
13687
7798
16970
30668
31738
10814
13363
18561
25541
32099
21111
225
29282
22161
13085
10404
29500
27610
11005
7184
271
7770
17109
31936
17308
4379
664
8101
13729
10038
1801
7242
1800
11579
5513
24924
28511
12755
8749
29289
1160
20900
31764
13032
27058
31349
5112
25210
27272
27027
4354
11887
22183
26995
10211
31884
12630
4760
26656
21259
2417
5047
29613
484
3495
17690
21694
29003
12518
2882
26074
14714
29458
19664
49
26544
8701
32678
25647
5242
9876
4425
4177
12081
12886
11913
31288
8900
24843
11877
24060
14263
8882
9257
6082
22380
443
23769
15249
5282
6518
19410
24417
7483
20684
10927
19317
31042
11565
20586
1259
15148
20937
963
26258
1374
32515
19686
15355
2288
9762
2632
4819
25009
25930
19666
13935
29547
32684
16193
2473
11368
9721
7373
13035
20788
8988
31496
20105
13733
16680
27402
6996
1817
31375
13771
21868
3071
19350
14288
13141
31897
14341
8202
14669
22783
22819
5627
22237
24680
2017
2842
687
3493
30550
15225
18591
15598
21355
8613
32276
24289
14296
25037
4241
23752
4943
28711
8839
4635
19190
30352
27246
32582
12827
15731
2067
6571
10788
7147
17460
23787
32452
13100
28234
353
21109
31007
19622
31728
12066
22092
21183
11007
3875
23293
4555
21697
29295
20384
6028
23226
21517
9326
12141
18047
5068
1098
14797
5053
10292
3820
3483
23420
11452
32318
6179
17573
8254
15110
12071
24002
26535
9414
18738
17414
26867
4320
4137
15245
21081
17662
547
7396
25026
28849
5242
15308
16512
27225
3363
11067
18237
13124
1594
676
15921
1818
20449
2168
28057
31352
9291
26093
4708
27867
25108
18430
2863
20928
16596
4531
20851
5385
13299
930
4861
7843
28607
31926
32671
14694
17595
14383
7974
24892
17722
11498
17291
15494
26925
29155
27502
17595
9274
19448
10431
25170
8718
18672
24511
32739
7411
3003
29223
22665
677
11771
10918
1418
23393
23236
31889
3898
10048
1696
27607
1308
9667
26839
12595
24907
15279
6637
28325
15128
27419
31595
2082
3317
4551
19683
29835
4498
25007
4654
6876
31813
18400
12024
4006
4271
13707
23423
18111
23965
32600
22167
3383
7980
18172
30962
24463
3121
8974
3486
28710
4823
30998
5071
29172
18570
15848
19935
31610
4372
4144
16787
5625
16646
24909
3488
19683
16218
8291
14445
20879
27222
7083
23579
1840
17332
3086
21443
2824
10239
32499
19966
3289
5440
4693
26795
2973
17626
14104
14828
19062
7347
28061
27250
4584
15252
12436
17659
4422
9427
529
24344
29802
20271
20194
16180
425
6907
7201
9170
21511
29567
13061
20502
1446
8091
16125
391
24197
1453
4608
29459
23399
26293
798
4436
8464
21687
7004
17425
12215
26721
1214
28936
27321
31214
28581
7146
18571
24906
25179
18344
16114
375
9965
31981
16246
9007
19257
6635
22548
25291
26439
20315
19507
13667
7645
28351
14809
18743
2893
28139
7967
17741
5778
17347
21474
11356
22683
582
19388
26345
3559
20940
13362
14512
18002
12683
17199
9541
18223
8544
18866
2043
21398
6349
24259
25349
20223
28478
13995
10715
28176
6544
31332
2784
27060
24787
13135
31809
26733
30287
7973
4128
4587
2246
48
21490
221
16121
15803
16165
1799
15213
26823
29958
30613
3439
30975
24035
27567
13142
21998
23404
13645
4616
112
7263
29773
1472
28774
21349
451
28686
31406
21815
9616
26399
21331
25092
18998
27198
0
7703
8938
16283
20155
32181
30699
24395
9423
10308
3347
3985
14858
5811
22187
5724
5161
28949
28804
9232
22161
28559
2883
23433
14912
17013
17405
7006
16898
17840
6660
27746
32488
867
30464
14705
30966
18894
32065
13417
4124
22642
4179
3190
26984
26741
19411
22931
15481
5193
23682
24909
5431
25225
28568
6346
24001
30755
11355
2059
17575
13756
27631
29294
21338
17488
9072
26743
18656
21785
13374
9935
3276
6323
5784
26253
20078
12669
4717
693
9287
9538
31342
5886
16319
4633
7528
31705
2331
10889
25041
17326
14249
15601
16289
7529
14909
18983
3171
16437
993
28512
19851
17543
4297
10064
1290
3679
14213
9874
11296
11467
6778
22345
20593
21164
19859
14344
1884
19644
1076
8687
11144
6352
23408
14871
6335
603
5243
4657
23040
26676
21346
15465
32207
3993
13817
22161
1232
10355
22293
20603
7828
26331
4604
29094
10419
21982
6682
25117
9243
18301
15094
15005
5287
1528
21604
24566
32500
10829
26363
11699
30832
15355
