13075
12003
26728
26029
7765
6438
22474
30282
5233
29238
170
11443
30299
29769
23868
24539
11913
21007
16191
7444
19796
29064
28547
22914
17570
18712
26280
22480
1730
4829
808
5665
3223
19008
24728
22602
1785
10186
13354
8766
16216
3898
21111
14025
27554
9172
17019
28290
31079
30459
481
31483
5180
1282
24193
27194
27485
29760
2344
32365
31382
19042
17815
11737
23139
3077
23502
24340
23382
31365
11914
13684
28857
25615
6924
455
11893
14846
1564
11076
24114
24932
14926
9410
28608
29158
31620
16936
18613
22222
29620
549
14168
1627
23787
8225
3262
17243
3218
627
8755
7420
17393
22740
19932
8416
27121
32531
2714
29551
4646
30731
22320
17009
29964
5331
4265
17884
15761
7220
19444
17130
20436
1632
29394
17775
27949
8416
10226
874
22893
11983
13913
7898
25959
22854
4104
14803
687
1047
8153
4304
17569
23230
29355
3915
29349
10644
31678
4747
4018
22342
30816
20158
31505
4742
14026
2631
3684
2048
17477
9049
23782
13456
18065
5061
30708
10162
1158
26384
23757
19002
25084
22217
28566
32069
21225
281
10145
9583
2505
28060
20718
30278
25923
21615
1778
4607
24841
23435
19608
20840
3584
15953
25990
18462
21921
4965
21665
22784
