17746
30042
7245
14210
22057
2061
27848
9104
5050
31592
31437
31872
20016
4473
10370
25325
3718
11999
2391
6297
23370
7298
27879
28604
15008
4481
4387
17563
5513
6508
16301
13661
24677
10932
23170
3098
11447
351
7132
3894
2089
4608
3415
11245
19664
10471
31314
12078
18096
2453
24984
173
21123
8819
10816
5172
22966
10435
8145
1337
20405
12502
31146
4278
5224
5759
29089
24885
24573
18889
11755
24874
7145
21477
572
1926
19753
10342
19502
21129
29646
5809
28391
25816
952
28590
12790
30927
23202
13252
1919
7704
22367
23813
32152
30077
30306
6565
24306
24314
6020
2737
18108
19991
20738
23293
11204
14453
29637
16991
9952
21158
9447
18714
30860
3905
12402
24477
4564
5174
31083
7790
9333
6752
11023
16993
32319
27481
3932
14605
13245
29074
11987
20864
24088
3747
7549
25906
28729
11231
6444
3384
26414
14636
23811
14266
22991
3602
20024
12711
11169
24849
26137
30887
26362
18744
32077
26962
614
32243
23645
7583
5450
18725
13683
3999
16327
24438
27489
21611
18913
4847
18916
859
15841
5060
4906
7544
503
13168
1683
2356
13604
24071
17589
30297
21335
15816
13474
15936
25815
15602
20077
5187
15584
23002
28394
6772
2961
313
6326
11920
18182
25290
18039
814
12225
29717
12901
22844
29774
5509
14090
28076
14374
3521
11589
28523
469
20281
27541
4499
21592
15359
19092
3553
30665
23513
21186
11113
13630
14484
30596
7560
2542
21659
877
20251
5525
28616
6587
28142
18458
3705
28965
19064
4719
30439
11220
24517
7866
6323
28847
6067
21426
4802
10715
8033
10059
19275
3202
24549
1173
20014
19924
28477
18657
25992
10572
3464
7207
8324
7221
631
10404
15476
31340
28414
30151
9248
16487
26447
27214
31069
18038
26888
14765
23778
14665
427
16559
26712
31667
14672
5471
3760
21933
5526
20009
22201
