13806
2639
20094
7532
32732
17872
23390
5861
6250
15743
16256
23346
687
15726
22208
22155
14996
20522
18053
2446
11217
10722
19538
28037
5400
20172
23192
28136
11151
30917
30671
6947
4740
56
5060
31384
31581
19520
18229
6120
461
3601
12699
15214
6222
19348
26951
27149
6347
32081
12720
4652
19868
17298
27660
2558
1720
30405
30237
17159
3878
5923
27470
22236
5813
24463
31742
20778
25581
32705
20252
23289
25157
16803
8692
11058
24727
7675
6728
24671
5072
1099
32419
10163
12780
23029
18666
21834
14626
29859
18228
20913
14171
5094
16091
169
9705
7710
17876
1320
11638
9369
17979
1697
26170
29439
24626
23429
26738
11757
7660
15626
16653
17632
11781
26667
7848
15189
6165
20464
19132
3374
8068
17647
17174
12888
18592
13843
1928
1451
13292
28316
28639
4881
17339
30055
7700
4331
16382
29040
24775
2224
27739
14229
6632
29399
17535
26013
32184
18936
21172
11896
15856
22830
21686
15304
30015
18879
8898
18593
26362
13311
3313
22925
26384
14193
8900
13780
32316
24112
6400
1530
7806
20365
16828
15240
31691
5626
19128
9744
23812
31783
13808
22891
31013
17770
16497
18757
13503
17764
11116
15836
21416
6882
7049
1540
29424
4609
637
2671
24344
29078
18143
9771
6783
14284
7735
26732
10269
2575
19801
9100
28275
23593
17137
27984
18114
4779
16478
29805
3196
9359
1220
20298
16632
27
11868
10248
5993
14089
17935
27072
32017
13796
10564
21259
29106
2741
17910
4552
17478
32479
23817
19481
2031
2120
16094
15023
21809
21945
13861
14408
11103
31368
5362
27253
1619
32116
6163
26529
31842
20176
5282
32335
30864
27108
9174
419
25855
9616
16670
16164
22958
30770
3697
448
9056
13002
13023
17937
14041
30556
1901
990
25680
28310
1567
12517
24354
179
12118
24791
28100
5535
22876
9893
22011
8284
7742
6906
22863
31140
23514
11272
21949
19920
31288
6792
24236
8696
27678
18428
25122
13404
7646
14904
11832
15362
18035
30752
27339
19361
20172
9139
23413
23486
17256
30025
32187
16405
1059
31768
22408
3130
9808
18429
2523
11136
15623
24698
31676
12314
31680
11515
12660
7552
26401
12893
9213
12821
2069
18864
11448
29702
21790
13372
22878
1397
17900
12483
15417
983
17710
30214
3220
30362
29864
13962
11120
4363
30598
4508
24696
19320
14064
5523
25399
6033
21726
14165
1161
13332
16686
25373
3151
25514
9460
2683
8039
2828
6161
21404
16860
31337
21767
19915
18777
26124
24331
20280
