1557
12690
25052
5865
19314
630
12413
31332
31020
7690
26557
19949
19700
2249
384
19947
21352
5993
20462
21235
21908
13909
30490
29921
16312
17757
10721
25640
25931
23468
11798
28006
17985
2043
27612
23356
14730
24837
3154
10844
8411
31291
27510
17379
2480
4280
24899
12778
24466
1143
9757
599
5013
29124
22127
19449
23846
32496
22931
2517
30723
12873
12274
16570
907
25673
27756
8988
26424
8718
23802
10015
24682
5130
9873
17137
7526
15612
22602
17245
2462
9503
14785
28829
12083
17825
22714
30064
20920
18518
6667
15469
9785
28590
20918
14231
19579
15077
9813
17969
28038
6777
17339
11476
9057
18657
8408
21438
3613
7036
23773
16237
14868
24520
30625
30573
15219
6356
26947
20334
8950
12536
23826
18073
12275
29635
5033
28964
25498
25653
12382
8228
22907
17198
30174
15267
2377
23079
13841
755
21981
24096
31044
10049
3453
32473
8326
29805
16223
30277
1874
31770
2665
11324
26735
30465
18747
17008
2581
20618
16239
7330
30033
4253
11295
14614
15530
6069
26024
27972
5637
24887
25262
23248
19398
16387
21601
12476
18744
18760
13822
3293
17967
24988
30104
4491
21996
8268
6680
925
23872
31984
2691
1173
13301
31555
23163
15639
30057
18738
16393
2976
17532
819
5785
2932
1708
4824
4934
2008
23167
23460
3672
12162
19746
10781
1547
7246
4943
6434
16019
818
18803
24959
9052
8308
32529
18367
19862
13338
4449
7234
21489
8867
6462
399
18341
3572
28735
27882
694
31381
4387
5418
11126
21789
22386
17349
4427
27627
25185
15405
18098
12567
7926
11615
7300
22696
15726
25016
25209
9992
5596
8459
4330
949
16402
30962
16347
9272
25284
24417
3896
25435
32235
25473
25695
6295
13416
24763
8415
972
22762
26642
13951
8501
16913
21431
15491
31130
10708
14551
27178
17095
7200
11192
6779
25662
14529
2564
15681
13353
19590
16229
22869
146
1440
14417
1051
14550
18252
30504
29263
19287
24754
32636
1538
2930
11020
2991
32223
13233
21258
16580
10675
22593
20853
21615
18477
23974
22292
22894
29154
18349
12236
9756
13715
29858
24842
2372
18867
6340
1894
16691
30500
3574
14208
26897
8514
19383
26158
20593
3874
6996
7130
28966
23067
23644
30501
30552
9606
27989
17104
4056
963
3245
8925
28849
11389
17908
7409
20480
26670
16200
32765
15621
21733
31504
28445
3961
26695
25069
5057
24866
21203
10477
15114
17830
10347
26626
25207
13469
29200
29875
30656
23017
3310
21778
20482
16458
31384
24302
6685
2605
1684
22345
20570
11461
25882
9740
27986
24925
12057
29178
26635
16621
24443
14563
15203
15851
13738
14362
31922
28771
8531
14633
17835
26698
7018
5826
30083
31248
4206
3577
3414
14708
16366
12209
11206
5788
13644
1620
27621
20837
15809
17352
11093
14072
32673
2974
31661
23966
5856
11660
17183
21205
23254
25629
20568
28579
12607
27559
26024
18218
4742
1406
32611
25469
9027
15207
22919
17586
1794
30543
30878
22072
20550
17213
14822
20075
12749
17798
11952
11366
21782
19776
18182
18456
31265
760
3984
10395
17526
4520
1721
5312
22888
23523
19725
4591
13211
4435
13541
17710
20420
14437
30023
27263
5808
67
1032
22127
10376
28419
23347
13804
27987
16413
11695
87
3772
1827
20251
20442
16149
27308
21245
5116
29085
2962
10012
21106
26622
27741
11562
27192
14618
27902
6054
3297
13575
11969
3585
25132
19032
29821
23552
2519
20639
21261
12385
28600
23600
17924
11969
9737
32551
31901
22717
14852
7084
29425
4696
14000
11125
11117
17820
18938
8333
7298
27013
16391
17236
9886
28698
18633
12744
9820
24541
15312
25602
30456
7269
20067
23043
30981
8778
28624
22193
29026
14913
16384
19485
21610
26504
21582
23815
20843
5509
16025
6052
12889
18602
2712
19871
25540
22171
9582
11613
14600
27027
25471
133
16580
21252
6273
13248
15757
29053
30166
3005
5859
11729
8985
11129
22115
21366
17655
20413
1343
18475
26176
25576
32236
26333
30525
21486
1562
460
22341
16289
17641
20458
7307
29487
26970
18819
3642
18668
5379
14371
1220
22610
24328
32181
9334
5702
838
22248
9809
19101
4561
7383
8981
32479
12961
18920
5278
19019
20872
17908
371
7963
18023
15785
1693
32009
19874
2349
13237
11537
25809
26116
27969
27257
24505
2100
18753
7439
18810
18087
6660
2226
26121
26320
6976
5651
26593
19346
30050
6333
11766
2909
2851
13907
7659
12698
17756
21273
28292
12105
20763
10166
30302
16104
1014
25657
21214
16279
23199
1113
31591
19323
17849
14593
5328
3424
14570
2828
6421
6562
12338
6989
10060
20045
8059
9170
4059
32387
113
7785
28905
27934
29331
13412
30482
23191
8586
23450
5727
10791
26042
17582
20341
25131
21272
32404
21772
3021
10811
29520
9635
13793
24501
8705
28018
7949
11683
14879
17569
19245
25475
31745
7607
2037
26694
674
30805
9432
8870
23204
11300
25129
15290
2709
24588
23425
28616
28786
423
29024
24922
6249
20725
30231
8852
28899
21585
8677
26820
32706
18595
4704
7739
31975
25048
22806
18012
30200
28559
23925
26610
24416
14869
5608
29127
13975
11156
23619
19826
6563
6535
24929
5232
30687
17009
1035
7030
16379
21455
3868
18438
12100
3147
8931
25665
9765
20018
19913
25852
9710
13864
6196
22037
23509
2587
1963
24839
23867
5237
23866
8637
31024
16278
4888
15780
17208
1409
23943
28932
15183
2005
13052
1680
14124
25600
8064
27964
28867
6063
26454
24654
24077
2440
15582
21944
13835
2588
3513
9893
18185
24855
11054
9810
544
15034
20940
6943
24574
2444
21585
19942
746
12364
28107
9099
14850
2089
32509
29908
18887
5942
15108
6267
7644
2840
1851
21378
18443
19457
4699
9159
28809
15331
26343
6360
7035
30173
31943
12040
26552
8698
3634
24771
10961
12570
13266
25118
3663
5424
3107
15026
4667
18862
29213
12715
6372
16446
1810
16412
24540
1459
5081
32150
2628
13119
1324
15096
8265
32742
1871
16264
10223
1586
1266
23619
15118
4649
3417
18802
16025
2940
26042
638
7974
20481
18919
5125
13995
4707
8236
4141
16262
4377
9339
7481
30913
14740
20166
21082
24467
3005
30893
22215
8746
20894
1625
30479
12199
32607
5800
9390
2411
20341
32394
5087
14737
28438
5035
27570
