30765
8663
4643
1173
433
29112
32128
20673
5282
27590
10997
22722
8635
21086
21949
9208
10161
10999
10436
16302
5233
10838
18956
11502
19369
12545
13647
24729
30347
27637
10726
2487
206
28059
12265
4619
26357
21241
30872
3306
14803
18725
7673
2126
31567
1792
1475
29735
14437
3872
27515
5105
1133
19982
21981
11915
14752
26802
31613
28743
8920
20235
23214
13118
29335
26404
2211
8678
11083
25667
31700
26598
23760
7779
21923
25896
23351
32228
28480
5936
21190
20354
11722
11437
23871
5252
25015
30542
31846
9013
13685
12247
7613
11160
28497
16500
2962
29784
2713
2381
28475
25598
27645
21338
18593
10854
13627
25977
32507
7796
31740
28606
28380
9219
26616
16650
6512
11806
31841
31455
22786
12659
4223
14194
16066
6916
15256
22018
32198
7968
14354
24937
1870
29842
475
17649
15436
20504
13321
17256
22564
13335
27070
25719
30896
26764
9807
19503
26503
12102
2213
12517
2175
2131
19939
25408
4464
6840
26440
7312
28475
5477
10072
1889
31755
7271
18998
13905
27355
5728
23893
32030
3129
28212
19023
24579
20553
7430
2325
3397
10764
4195
15689
5385
14306
16572
17128
21352
21838
3098
28204
16581
31226
10509
689
7262
2555
17893
9686
9506
31573
10277
20582
21699
29890
24629
888
20747
18863
25943
17555
1907
30600
11740
9494
9970
2101
6040
22743
27667
32229
13459
8203
29514
11274
20481
2150
1416
8612
16245
18819
4877
2243
21585
16517
20606
8007
385
20223
10807
11499
2409
8465
482
6786
18459
7892
27208
3712
28110
3320
21864
12987
15756
8364
26822
1907
9258
2750
27654
26512
15229
15876
1465
8748
3531
29946
14967
19793
11648
15020
25134
13828
29986
31447
1977
4482
903
23883
26293
21449
18502
28819
31632
20314
13419
26584
23010
574
25455
28675
15617
13383
20583
24610
1744
19096
27515
18701
8407
29799
9114
10313
29593
5378
14444
16940
26657
3856
26760
26434
10207
21786
20456
10480
3762
25418
2713
16727
838
1650
28599
12923
10656
5199
30873
24741
9207
30992
10313
11270
21958
15890
1847
19868
23839
28142
1838
31578
13890
31157
25478
6019
15726
890
20892
28503
759
12817
5503
19697
9625
29207
20204
24688
9996
18482
4733
17493
28376
6298
8989
8492
28523
2009
24511
13423
8553
22735
14672
16039
18755
27640
17641
7380
15115
17394
15946
4367
4231
13113
3716
32366
1412
5942
10997
7208
28268
17528
24697
25593
32027
2113
24287
16328
18415
25412
6298
14984
18206
25005
19129
14428
15437
13410
16666
31230
14430
28552
10970
28513
13193
4682
4879
7573
27566
15317
20922
7148
31977
12711
2295
27739
26728
6922
631
13090
32121
5595
304
4527
22759
2192
23379
10432
28295
21882
28799
1481
20750
21318
20532
32661
11301
11978
9354
17967
9408
6655
13603
10755
5035
27721
5726
24129
20069
6143
22733
14978
29234
6439
19690
16302
25964
16769
12037
25629
794
1480
20353
27388
9412
12340
2880
19187
32389
7235
10332
26628
353
24505
27416
9399
14297
1253
30486
3700
20669
14887
20682
10544
19522
6831
4910
7756
32596
29831
11703
21177
24877
